0100100100000000000000000000000000000000000
0000100100000110001000001000000000000000000
0000111011000000000100001101100000000000000
0000110001000000000100001101100000000000000
0110101000000000000000000000000000000000000
0000100100000110001000001000001000000000000
0000110011000000000100001101100000100000000
0000101111000000000100001101100000100000000
0001011011000000000000000000000000000100000
0000100100000110001000001000000000000000000
0000000000000000000000000000000000000000000
0000000000000000000000000000000000000000000
0000100100000001000001001100000000000000000
0000100100000110000010001000000000000000000
0000100100000110000100000010100000100000000
0000111001000000000100000000000000100000000
0010100000000000000000000000000111000000000
0010100010000000000000000000000110000000000
0001000011000001100000000000000000000000000
0001000011000001100000000000000000000000000
0000100100000101100001011100000000000000000
0000100100000101100001010011000000100000000
0000100100000001000001000010000000100000000
0000100000100000001000000000011001000000000
0000100010100000001000000000011000000000000
0010110010100000000000000000000101000000000
0000000000000000000000000000000000000000000
0000100100000110010000000000000001000000000
0010111000100100100000010000000101000000000
0010111010100000000000000000000100000000000
0000100100000001010000100000000001000000000
0000100100000110010000000000000000000000000
1000000000001000000000000000000000000000000
0011000010100000001000000000000101000000000
0000000000000000000000000000000000000000000
0001000000010000010000000000000001000000000
0001001010100000100000000000000001010000000
0001101011000000000000000000000000000100100
0000000000000000000000000000000000000000000
0000000000000000000000000000000000000000000
0001010010100000000000000000000001001000000
0011010010000000000000000000000111000000000
0000000000000000000000000000000000000000000
0001011001000000000000000000000000000011000
0011011000100000001000000000000101000000000
0011011010100000001000000000000101000000000
0000100100000001010000100000000001000000000
0001100000000000010000000000000000000010000
0001101001000000000000000000000000000100001
0000000000000000000000000000000000000000000
0000000000000000000000000000000000000000000
0000000000000000000000000000000000000000000
0011101000100000001000000000000101000000000
0011101010000000000000000000000111000000000
0000100100000001010000100000000001000000010
0001010001000000000000000000000000000100100
0000000000000000000000000000000000000000000
0000000000000000000000000000000000000000000
0000000000000000000000000000000000000000000
0000000000000000000000000000000000000000000
0000000000000000000000000000000000000000000
0000000000000000000000000000000000000000000
0000000000000000000000000000000000000000000
0000000000000000000000000000000000000000000
